Poste 01; -27.97810488404128, -48.64053353230944;
Poste 02; -27.977903053380974, -48.64092615355041;
Poste 03; -27.97757701843306, -48.641304710759975;
Poste 04; -27.977471445002706, -48.64145824324525;
Poste 05; -27.977319294873727, -48.64173014812621;
Poste 06; -27.977297559123983, -48.64202197704861;
Poste 07; -27.97726650804302, -48.64224700178305;
Poste 08; -27.97719819563746, -48.64278026347909;
Poste 09; -27.97711228755036, -48.64319398080291;
Poste 10; -27.977049150236148, -48.64178171628611;
Poste 11; -27.976716902460808, -48.641658655896315;
Poste 12; -27.97652127945743, -48.64158599166382;
Poste 13; -27.97624078236375, -48.641382063010596;
Poste 14; -27.975929233079263, -48.64127189466192;
Poste 15; -27.9757532746122, -48.64147230729747;
Poste 16; -27.975404461982983, -48.64165162386834;
Poste 17; -27.975311307083874, -48.641968064873765;
Poste 18; -27.975694276709326, -48.641125394188414;
Poste 19; -27.975509002382598, -48.64076324503228;
Poste 20; -27.975388936171424, -48.640274519487555;
Poste 21; -27.975244028492323, -48.63983736207917;
Poste 22; -27.975054613162346, -48.63954201714022;
Poste 23; -27.974694412604126, -48.639333400462974;
Poste 24; -27.97440430737897, -48.639089811265556;
Poste 25; -27.974076026159985, -48.63870556897506;
Poste 26; -27.973853790271413, -48.63856461051807;
Poste 27; -27.97372192394958, -48.6382722522474;
Poste 28; -27.973687804665595, -48.63781283213167;
Poste 29; -27.97359466818401, -48.63743798704943;
Poste 30; -27.973658296084185, -48.63711952537831;
Poste 31; -27.973722846089846, -48.63685640292552;
Poste 32; -27.973784629630178, -48.63660163358861;
Poste 33; -27.973887909499524, -48.63627586294557;
Poste 34; -27.973682293188514, -48.635996459131576;
Poste 35; -27.973425595400048, -48.635665954086946;
Poste 36; -27.973389367835086, -48.63529091287001;
Poste 37; -27.973497015405282, -48.63517957251809;
Poste 38; -27.973163721611744, -48.63542569329342;
Poste 39; -27.972851128362432, -48.635241688713194;
Poste 40; -27.972539569287896, -48.63520887260986;
Poste 41; -27.972472288968476, -48.63560500987728;
Poste 42; -27.97240500860926, -48.636049199292565;
Poste 43; -27.97233565804057, -48.63639494040745;
Poste 44; -27.97229425469596, -48.63668676932984;
Poste 45; -27.972259061839885, -48.636963362212676;
Poste 46; -27.973383952282173, -48.63494058258327;
Poste 47; -27.973368426180677, -48.63467805375349;
Poste 48; -27.973361180665872, -48.63448936115708;
Poste 49; -27.973272164301516, -48.63453858531267;
Poste 50; -27.973065149216623, -48.634476469116336;
Poste 51; -27.97270804725407, -48.63432176460881;
Poste 52; -27.97244513664461, -48.634085019847525;
Poste 53; -27.97221845336626, -48.63382014700293;
Poste 54; -27.973517438663432, -48.63405384998279;
Poste 55; -27.973593643900738, -48.63351565557222;
Poste 56; -27.973650474889137, -48.633185134019556;
Poste 57; -27.9737085974619, -48.63279903802475;
Poste 58; -27.97378092772849, -48.63235590514662;
Poste 59; -27.973824842512673, -48.63207510803536;
Poste 60; -27.973921713290018, -48.6315647008589;
Poste 61; -27.973910088802604, -48.63128682872195;
Poste 62; -27.973969502842753, -48.630938757352325;
Poste 63; -27.974035374892484, -48.63059946089119;
Poste 64; -27.974090914042986, -48.630260164395466;
Poste 65; -27.97378351095601, -48.63185573531324;
Poste 66; -27.974053457409116, -48.631920084642076;
Poste 67; -27.974415107108722, -48.63198297149139;
Poste 68; -27.974553308635063, -48.63202538354903;
Poste 69; -27.973681473600433, -48.63144185211071;
Poste 70; -27.973495481216887, -48.63127512884962;
Poste 71; -27.97325007410152, -48.63111279304141;
Poste 72; -27.973190659665153, -48.63148133919748;
Poste 73; -27.97312478709775, -48.6319025348257;
Poste 74; -27.97339861004941, -48.630924132496354;
Poste 75; -27.973370194492617, -48.6305526613708;
Poste 76; -27.973348237010974, -48.63013439071325;
Poste 77; -27.973423150751668, -48.62971319508433;
Poste 78; -27.973494189595655, -48.629283224550655;
Poste 79;-27.973540687722174, -48.629041914567516;
Poste 80;-27.97358847744242, -48.628750880103;
Poste 81; -27.974342986137003, -48.630906344375774;
Poste 82; -27.97475633522416, -48.63092569192419;
Poste 83; -27.9751115245899, -48.63094616671145;
Poste 84; -27.9754705875571, -48.63095055417064;
Poste 85; -27.975700490555738, -48.631143602159746;








