Poste 01; -27.567814673829222, -48.69171095240017;
Poste 02; -27.567974670280368, -48.69173087646315;
Poste 03; -27.568257260850437, -48.69177892861303;
Poste 04; -27.568424529192, -48.69180588470174;
Poste 05; -27.568737247577324, -48.69186096887541;
Poste 06; -27.568983473716028, -48.6919019890063;
Poste 07; -27.56932008577923, -48.69195004116167;
Poste 08; -27.569571505223426, -48.69198988928836;
Poste 09; -27.569878479096257, -48.692005034620024;
Poste 10; -27.570050902192158, -48.69203867176918;
Poste 11; -27.570348584244122, -48.692092834020286;
Poste 12; -27.570512702117185, -48.6921123723103;
Poste 13; -27.570888659733225, -48.692055335406316;
Poste 14; -27.57113367969749, -48.69187106232437;
Poste 15; -27.571376106312776, -48.69168386427684;
Poste 16; -27.571621125189658, -48.69151421602886;
Poste 17; -27.571877811043095, -48.691318243062064;
Poste 18; -27.572054120166232, -48.691182231980655;
Poste 19; -27.572212279582775, -48.69088827253529;
Poste 20; -27.57224209649584, -48.690703999457256;
Poste 21; -27.569143088030145, -48.692365994261664;
Poste 22; -27.569183277165585, -48.692074959797154;
Poste 23; -27.56923124482527, -48.69167862640684;
Poste 24; -27.569266248238517, -48.69143877890844;
Poste 25; -27.569290880267193, -48.691207706294556;
Poste 26; -27.56933366219194, -48.690849397531714;
Poste 27; -27.569384222626965, -48.69048962628412;
Poste 28; -27.569427004517053, -48.69012839251283;
Poste 29; -27.56947039292119, -48.689760766389846;
Poste 30; -27.569502863167852, -48.689494967545734;
Poste 31; -27.56959944127785, -48.68904602111797;


