Poste 01; -27.641966601540403, -48.66305968585957;
Poste 02; -27.64189640868478, -48.66274618461442;
Poste 03; -27.641835371382406, -48.66249641713888;
Poste 04; -27.641759074706567, -48.66222253418295;
Poste 05; -27.641675148301676, -48.66218636096236;
Poste 06; -27.641601903383663, -48.661914200524336;
Poste 07; -27.64153171029405, -48.661650652774284;
Poste 08; -27.641455413406426, -48.661290643102646;
Poste 09; -27.641418790876976, -48.661149395264694;
Poste 10; -27.641369960824633, -48.66099092210781;
Poste 11; -27.64134096797074, -48.66080661093625;
Poste 12; -27.64127382659538, -48.66056201106366;
Poste 13; -27.641203633295277, -48.660295018244994;
Poste 14; -27.641104447026464, -48.65993156346553;
Poste 15; -27.64099763095174, -48.659559496053696;
Poste 16; -27.640928963420066, -48.65925288494579;
Poste 17; -27.640840458537895, -48.658904933014355;
Poste 18; -27.640756531421413, -48.65856214864063;
Poste 19; -27.640672604247463, -48.658205584037624;
Poste 20; -27.640599358661216, -48.65786624477775;
Poste 21; -27.64045439328678, -48.65750968013587;
Poste 22; -27.64037504374119, -48.65714278032697;
Poste 23; -27.640288064365514, -48.65679655092985;
Poste 24; -27.640231604032, -48.656439986326845;
Poste 25; -27.640155306232064, -48.65610925970221;
Poste 26; -27.640068326681693, -48.655778533113924;
Poste 27; -27.63999660664953, -48.6554701994717;
Poste 28; -27.6399157308122, -48.65515669822655;
Poste 29; -27.639827225103403, -48.65483458425952;
Poste 30; -27.639766379680616, -48.65456531383321;
Poste 31; -27.639678070713167, -48.65417578941642;
Poste 32; -27.639581934997302, -48.65382094734772;
Poste 33; -27.639498497473035, -48.65349021546612;
Poste 34; -27.639354375211752, -48.65323375191645;
Poste 35; -27.97368503823212, -48.63599707845214;
